60
60
60
60
60
60
60
60
60
60
60
60
60
60
60
60
60
60
60
60
60
60
60
60
60
60
60
60
60
60
60
60
22
36
40
51
63
94
102
27
37
37
54
91
27
38
27
53
63
40
58
52
72
56
61
53
61
62
32
32
91
94
91
48
91
87
67
88
89
74
71
95
86
39
45
87
70
98
89
96
68
102
83
62
75
86
91
125
91
79
80
39
53
39
49
27
47
45
60
48
61
49
42
53
56
32
38
56
31
83
55
55
59
58
41
41
38
55
55
95
62
56
53
34
26
34
119
60
60
60
60
60
60
60
60
60
60
60
60
60
60
60
60
60
60
60
60
60
60
60
60
60
60
60
60
60
60
60
60
60
22
60
51
52
60
77
60
60
60
97
60
60
60
38
60
60
60
60
60
60
47
60
60
60
60
60
60
60
60
60
60
60
60
60
60
60
60
60
60
60
60
60
60
60
60
60
60
60
60
60
60
60
60
60
60
60
60
60
60
60
60
60
60
60
60
60
60
60
60
60
60
60
60
60
60
60
60
60
60
60
60
60
60
60
60
60
60
60
60
60
60
60
60
60
60
60
